20    0    "data 0 ( 0 ) "
6.19246    19.0172    "data 2 ( 1 ) "
-16.1653    11.7763    "data 4 ( 2 ) "
-16.2028    -11.7248    "data 5 ( 3 ) "
6.13185    -19.0368    "data x ( 4 ) "


20    0    6.19246    19.0172
20    0    -16.2028    -11.7248
20    0    6.13185    -19.0368
6.19246    19.0172    -16.1653    11.7763
6.19246    19.0172    -16.2028    -11.7248
6.19246    19.0172    6.13185    -19.0368
-16.1653    11.7763    6.19246    19.0172
-16.1653    11.7763    -16.2028    -11.7248
-16.1653    11.7763    6.13185    -19.0368
-16.2028    -11.7248    20    0
-16.2028    -11.7248    6.19246    19.0172
-16.2028    -11.7248    -16.2028    -11.7248
6.13185    -19.0368    6.19246    19.0172
6.13185    -19.0368    -16.1653    11.7763


8.95397   15.2138     " 4"
-8.96222   -9.37981     " 2.5"
8.90548   -15.2295     " 0"
-11.6938   13.2245     " 2"
-11.7237   -5.57637     " 3.5"
6.14397   -11.426     " 2"
1.7209   17.569     " 2"
-16.1953   -7.02455     " 4.5"
1.67241   -12.8742     " 2"
12.7594   -2.34495     " 2.5"
1.71341   12.8688     " 3.5"
-16.2028   -11.7248     " 1"
6.18033   11.4064     " 2"
-11.7059   5.61369     " 2"
