0    0    "[0,0] ( 0 ) "
0    10    "[0,1] ( 1 ) "
0    20    "[0,2] ( 2 ) "
0    30    "[0,3] ( 3 ) "
0    40    "[0,4] ( 4 ) "
0    50    "[0,5] ( 5 ) "
0    60    "[0,6] ( 6 ) "
0    70    "[0,7] ( 7 ) "
0    80    "[0,8] ( 8 ) "
0    90    "[0,9] ( 9 ) "
0    100    "[0,10] ( 10 ) "
0    110    "[0,11] ( 11 ) "
0    120    "[0,12] ( 12 ) "
0    130    "[0,13] ( 13 ) "
0    140    "[0,14] ( 14 ) "
0    150    "[0,15] ( 15 ) "
10    0    "[1,0] ( 16 ) "
10    10    "[1,1] ( 17 ) "
10    20    "[1,2] ( 18 ) "
10    30    "[1,3] ( 19 ) "
10    40    "[1,4] ( 20 ) "
10    50    "[1,5] ( 21 ) "
10    60    "[1,6] ( 22 ) "
10    70    "[1,7] ( 23 ) "
10    90    "[1,9] ( 24 ) "
10    100    "[1,10] ( 25 ) "
10    110    "[1,11] ( 26 ) "
10    120    "[1,12] ( 27 ) "
10    130    "[1,13] ( 28 ) "
10    140    "[1,14] ( 29 ) "
10    150    "[1,15] ( 30 ) "
20    0    "[2,0] ( 31 ) "
20    10    "[2,1] ( 32 ) "
20    20    "[2,2] ( 33 ) "
20    30    "[2,3] ( 34 ) "
20    40    "[2,4] ( 35 ) "
20    50    "[2,5] ( 36 ) "
20    60    "[2,6] ( 37 ) "
20    70    "[2,7] ( 38 ) "
20    90    "[2,9] ( 39 ) "
20    100    "[2,10] ( 40 ) "
20    110    "[2,11] ( 41 ) "
20    120    "[2,12] ( 42 ) "
20    130    "[2,13] ( 43 ) "
20    140    "[2,14] ( 44 ) "
20    150    "[2,15] ( 45 ) "
30    0    "[3,0] ( 46 ) "
30    10    "[3,1] ( 47 ) "
30    20    "[3,2] ( 48 ) "
30    30    "[3,3] ( 49 ) "
30    40    "[3,4] ( 50 ) "
30    50    "[3,5] ( 51 ) "
30    60    "[3,6] ( 52 ) "
30    70    "[3,7] ( 53 ) "
30    90    "[3,9] ( 54 ) "
30    100    "[3,10] ( 55 ) "
30    110    "[3,11] ( 56 ) "
30    120    "[3,12] ( 57 ) "
30    130    "[3,13] ( 58 ) "
30    140    "[3,14] ( 59 ) "
30    150    "[3,15] ( 60 ) "
40    0    "[4,0] ( 61 ) "
40    10    "[4,1] ( 62 ) "
40    20    "[4,2] ( 63 ) "
40    30    "[4,3] ( 64 ) "
40    40    "[4,4] ( 65 ) "
40    50    "[4,5] ( 66 ) "
40    60    "[4,6] ( 67 ) "
40    70    "[4,7] ( 68 ) "
40    90    "[4,9] ( 69 ) "
40    100    "[4,10] ( 70 ) "
40    110    "[4,11] ( 71 ) "
40    120    "[4,12] ( 72 ) "
40    130    "[4,13] ( 73 ) "
40    140    "[4,14] ( 74 ) "
40    150    "[4,15] ( 75 ) "
50    0    "[5,0] ( 76 ) "
50    10    "[5,1] ( 77 ) "
50    20    "[5,2] ( 78 ) "
50    30    "[5,3] ( 79 ) "
50    40    "[5,4] ( 80 ) "
50    50    "[5,5] ( 81 ) "
50    60    "[5,6] ( 82 ) "
50    70    "[5,7] ( 83 ) "
50    90    "[5,9] ( 84 ) "
50    100    "[5,10] ( 85 ) "
50    110    "[5,11] ( 86 ) "
50    120    "[5,12] ( 87 ) "
50    130    "[5,13] ( 88 ) "
50    140    "[5,14] ( 89 ) "
50    150    "[5,15] ( 90 ) "
60    0    "[6,0] ( 91 ) "
60    10    "[6,1] ( 92 ) "
60    20    "[6,2] ( 93 ) "
60    30    "[6,3] ( 94 ) "
60    40    "[6,4] ( 95 ) "
60    50    "[6,5] ( 96 ) "
60    60    "[6,6] ( 97 ) "
60    70    "[6,7] ( 98 ) "
60    90    "[6,9] ( 99 ) "
60    100    "[6,10] ( 100 ) "
60    110    "[6,11] ( 101 ) "
60    120    "[6,12] ( 102 ) "
60    130    "[6,13] ( 103 ) "
60    140    "[6,14] ( 104 ) "
60    150    "[6,15] ( 105 ) "
70    0    "[7,0] ( 106 ) "
70    10    "[7,1] ( 107 ) "
70    20    "[7,2] ( 108 ) "
70    30    "[7,3] ( 109 ) "
70    40    "[7,4] ( 110 ) "
70    50    "[7,5] ( 111 ) "
70    60    "[7,6] ( 112 ) "
70    70    "[7,7] ( 113 ) "
70    90    "[7,9] ( 114 ) "
70    100    "[7,10] ( 115 ) "
70    110    "[7,11] ( 116 ) "
70    120    "[7,12] ( 117 ) "
70    130    "[7,13] ( 118 ) "
70    140    "[7,14] ( 119 ) "
70    150    "[7,15] ( 120 ) "
80    0    "[8,0] ( 121 ) "
80    10    "[8,1] ( 122 ) "
80    20    "[8,2] ( 123 ) "
80    30    "[8,3] ( 124 ) "
80    40    "[8,4] ( 125 ) "
80    50    "[8,5] ( 126 ) "
80    60    "[8,6] ( 127 ) "
80    70    "[8,7] ( 128 ) "
80    90    "[8,9] ( 129 ) "
80    100    "[8,10] ( 130 ) "
80    110    "[8,11] ( 131 ) "
80    120    "[8,12] ( 132 ) "
80    130    "[8,13] ( 133 ) "
80    140    "[8,14] ( 134 ) "
80    150    "[8,15] ( 135 ) "
90    0    "[9,0] ( 136 ) "
90    10    "[9,1] ( 137 ) "
90    20    "[9,2] ( 138 ) "
90    30    "[9,3] ( 139 ) "
90    40    "[9,4] ( 140 ) "
90    50    "[9,5] ( 141 ) "
90    60    "[9,6] ( 142 ) "
90    70    "[9,7] ( 143 ) "
90    90    "[9,9] ( 144 ) "
90    100    "[9,10] ( 145 ) "
90    110    "[9,11] ( 146 ) "
90    120    "[9,12] ( 147 ) "
90    130    "[9,13] ( 148 ) "
90    140    "[9,14] ( 149 ) "
90    150    "[9,15] ( 150 ) "
100    0    "[10,0] ( 151 ) "
100    10    "[10,1] ( 152 ) "
100    20    "[10,2] ( 153 ) "
100    30    "[10,3] ( 154 ) "
100    40    "[10,4] ( 155 ) "
100    50    "[10,5] ( 156 ) "
100    60    "[10,6] ( 157 ) "
100    70    "[10,7] ( 158 ) "
100    90    "[10,9] ( 159 ) "
100    100    "[10,10] ( 160 ) "
100    110    "[10,11] ( 161 ) "
100    120    "[10,12] ( 162 ) "
100    130    "[10,13] ( 163 ) "
100    140    "[10,14] ( 164 ) "
100    150    "[10,15] ( 165 ) "
110    0    "[11,0] ( 166 ) "
110    10    "[11,1] ( 167 ) "
110    20    "[11,2] ( 168 ) "
110    30    "[11,3] ( 169 ) "
110    40    "[11,4] ( 170 ) "
110    50    "[11,5] ( 171 ) "
110    60    "[11,6] ( 172 ) "
110    70    "[11,7] ( 173 ) "
110    90    "[11,9] ( 174 ) "
110    100    "[11,10] ( 175 ) "
110    110    "[11,11] ( 176 ) "
110    120    "[11,12] ( 177 ) "
110    130    "[11,13] ( 178 ) "
110    140    "[11,14] ( 179 ) "
110    150    "[11,15] ( 180 ) "
120    0    "[12,0] ( 181 ) "
120    10    "[12,1] ( 182 ) "
120    20    "[12,2] ( 183 ) "
120    30    "[12,3] ( 184 ) "
120    40    "[12,4] ( 185 ) "
120    50    "[12,5] ( 186 ) "
120    60    "[12,6] ( 187 ) "
120    70    "[12,7] ( 188 ) "
120    90    "[12,9] ( 189 ) "
120    100    "[12,10] ( 190 ) "
120    110    "[12,11] ( 191 ) "
120    120    "[12,12] ( 192 ) "
120    130    "[12,13] ( 193 ) "
120    140    "[12,14] ( 194 ) "
120    150    "[12,15] ( 195 ) "
130    0    "[13,0] ( 196 ) "
130    10    "[13,1] ( 197 ) "
130    20    "[13,2] ( 198 ) "
130    30    "[13,3] ( 199 ) "
130    40    "[13,4] ( 200 ) "
130    50    "[13,5] ( 201 ) "
130    60    "[13,6] ( 202 ) "
130    70    "[13,7] ( 203 ) "
130    90    "[13,9] ( 204 ) "
130    100    "[13,10] ( 205 ) "
130    110    "[13,11] ( 206 ) "
130    120    "[13,12] ( 207 ) "
130    130    "[13,13] ( 208 ) "
130    140    "[13,14] ( 209 ) "
130    150    "[13,15] ( 210 ) "
140    0    "[14,0] ( 211 ) "
140    10    "[14,1] ( 212 ) "
140    20    "[14,2] ( 213 ) "
140    30    "[14,3] ( 214 ) "
140    40    "[14,4] ( 215 ) "
140    50    "[14,5] ( 216 ) "
140    60    "[14,6] ( 217 ) "
140    70    "[14,7] ( 218 ) "
140    90    "[14,9] ( 219 ) "
140    100    "[14,10] ( 220 ) "
140    110    "[14,11] ( 221 ) "
140    120    "[14,12] ( 222 ) "
140    130    "[14,13] ( 223 ) "
140    140    "[14,14] ( 224 ) "
140    150    "[14,15] ( 225 ) "
150    0    "[15,0] ( 226 ) "
150    10    "[15,1] ( 227 ) "
150    20    "[15,2] ( 228 ) "
150    30    "[15,3] ( 229 ) "
150    40    "[15,4] ( 230 ) "
150    50    "[15,5] ( 231 ) "
150    60    "[15,6] ( 232 ) "
150    70    "[15,7] ( 233 ) "
150    80    "[15,8] ( 234 ) "
150    90    "[15,9] ( 235 ) "
150    100    "[15,10] ( 236 ) "
150    110    "[15,11] ( 237 ) "
150    120    "[15,12] ( 238 ) "
150    130    "[15,13] ( 239 ) "
150    140    "[15,14] ( 240 ) "
150    150    "[15,15] ( 241 ) "


0    0    0    10
0    0    10    0
0    0    10    10
0    10    0    0
0    10    0    20
0    10    10    0
0    10    10    10
0    10    10    20
0    20    0    10
0    20    0    30
0    20    10    10
0    20    10    20
0    20    10    30
0    30    0    20
0    30    0    40
0    30    10    20
0    30    10    30
0    30    10    40
0    40    0    30
0    40    0    50
0    40    10    30
0    40    10    40
0    40    10    50
0    50    0    40
0    50    0    60
0    50    10    40
0    50    10    50
0    50    10    60
0    60    0    50
0    60    0    70
0    60    10    50
0    60    10    60
0    60    10    70
0    70    0    60
0    70    0    80
0    70    10    60
0    70    10    70
0    80    0    70
0    80    0    90
0    80    10    70
0    80    10    90
0    90    0    80
0    90    0    100
0    90    10    90
0    90    10    100
0    100    0    90
0    100    0    110
0    100    10    90
0    100    10    100
0    100    10    110
0    110    0    100
0    110    0    120
0    110    10    100
0    110    10    110
0    110    10    120
0    120    0    110
0    120    0    130
0    120    10    110
0    120    10    120
0    120    10    130
0    130    0    120
0    130    0    140
0    130    10    120
0    130    10    130
0    130    10    140
0    140    0    130
0    140    0    150
0    140    10    130
0    140    10    140
0    140    10    150
0    150    0    140
0    150    10    140
10    0    0    0
10    0    0    10
10    0    10    10
10    0    20    0
10    0    20    10
10    10    0    0
10    10    0    10
10    10    0    20
10    10    10    0
10    10    10    20
10    10    20    0
10    10    20    10
10    10    20    20
10    20    0    10
10    20    0    20
10    20    0    30
10    20    10    10
10    20    10    30
10    20    20    10
10    20    20    20
10    20    20    30
10    30    0    20
10    30    0    30
10    30    0    40
10    30    10    20
10    30    10    40
10    30    20    20
10    30    20    30
10    30    20    40
10    40    0    30
10    40    0    40
10    40    0    50
10    40    10    30
10    40    10    50
10    40    20    30
10    40    20    40
10    40    20    50
10    50    0    40
10    50    0    50
10    50    0    60
10    50    10    40
10    50    10    60
10    50    20    40
10    50    20    50
10    50    20    60
10    60    0    50
10    60    0    60
10    60    0    70
10    60    10    50
10    60    10    70
10    60    20    50
10    60    20    60
10    60    20    70
10    70    0    60
10    70    0    70
10    70    0    80
10    70    10    60
10    70    20    60
10    70    20    70
10    90    0    80
10    90    0    90
10    90    0    100
10    90    10    100
10    90    20    90
10    90    20    100
10    100    0    90
10    100    0    100
10    100    0    110
10    100    10    90
10    100    10    110
10    100    20    90
10    100    20    100
10    100    20    110
10    110    0    100
10    110    0    110
10    110    0    120
10    110    10    100
10    110    10    120
10    110    20    100
10    110    20    110
10    110    20    120
10    120    0    110
10    120    0    120
10    120    0    130
10    120    10    110
10    120    10    130
10    120    20    110
10    120    20    120
10    120    20    130
10    130    0    120
10    130    0    130
10    130    0    140
10    130    10    120
10    130    10    140
10    130    20    120
10    130    20    130
10    130    20    140
10    140    0    130
10    140    0    140
10    140    0    150
10    140    10    130
10    140    10    150
10    140    20    130
10    140    20    140
10    140    20    150
10    150    0    140
10    150    10    140
10    150    20    140
20    0    10    0
20    0    10    10
20    0    20    10
20    0    30    0
20    0    30    10
20    10    10    0
20    10    10    10
20    10    10    20
20    10    20    0
20    10    20    20
20    10    30    0
20    10    30    10
20    10    30    20
20    20    10    10
20    20    10    20
20    20    10    30
20    20    20    10
20    20    20    30
20    20    30    10
20    20    30    20
20    20    30    30
20    30    10    20
20    30    10    30
20    30    10    40
20    30    20    20
20    30    20    40
20    30    30    20
20    30    30    30
20    30    30    40
20    40    10    30
20    40    10    40
20    40    10    50
20    40    20    30
20    40    20    50
20    40    30    30
20    40    30    40
20    40    30    50
20    50    10    40
20    50    10    50
20    50    10    60
20    50    20    40
20    50    20    60
20    50    30    40
20    50    30    50
20    50    30    60
20    60    10    50
20    60    10    60
20    60    10    70
20    60    20    50
20    60    20    70
20    60    30    50
20    60    30    60
20    60    30    70
20    70    10    60
20    70    10    70
20    70    20    60
20    70    30    60
20    70    30    70
20    90    10    90
20    90    10    100
20    90    20    100
20    90    30    90
20    90    30    100
20    100    10    90
20    100    10    100
20    100    10    110
20    100    20    90
20    100    20    110
20    100    30    90
20    100    30    100
20    100    30    110
20    110    10    100
20    110    10    110
20    110    10    120
20    110    20    100
20    110    20    120
20    110    30    100
20    110    30    110
20    110    30    120
20    120    10    110
20    120    10    120
20    120    10    130
20    120    20    110
20    120    20    130
20    120    30    110
20    120    30    120
20    120    30    130
20    130    10    120
20    130    10    130
20    130    10    140
20    130    20    120
20    130    20    140
20    130    30    120
20    130    30    130
20    130    30    140
20    140    10    130
20    140    10    140
20    140    10    150
20    140    20    130
20    140    20    150
20    140    30    130
20    140    30    140
20    140    30    150
20    150    10    140
20    150    20    140
20    150    30    140
30    0    20    0
30    0    20    10
30    0    30    10
30    0    40    0
30    0    40    10
30    10    20    0
30    10    20    10
30    10    20    20
30    10    30    0
30    10    30    20
30    10    40    0
30    10    40    10
30    10    40    20
30    20    20    10
30    20    20    20
30    20    20    30
30    20    30    10
30    20    30    30
30    20    40    10
30    20    40    20
30    20    40    30
30    30    20    20
30    30    20    30
30    30    20    40
30    30    30    20
30    30    30    40
30    30    40    20
30    30    40    30
30    30    40    40
30    40    20    30
30    40    20    40
30    40    20    50
30    40    30    30
30    40    30    50
30    40    40    30
30    40    40    40
30    40    40    50
30    50    20    40
30    50    20    50
30    50    20    60
30    50    30    40
30    50    30    60
30    50    40    40
30    50    40    50
30    50    40    60
30    60    20    50
30    60    20    60
30    60    20    70
30    60    30    50
30    60    30    70
30    60    40    50
30    60    40    60
30    60    40    70
30    70    20    60
30    70    20    70
30    70    30    60
30    70    40    60
30    70    40    70
30    90    20    90
30    90    20    100
30    90    30    100
30    90    40    90
30    90    40    100
30    100    20    90
30    100    20    100
30    100    20    110
30    100    30    90
30    100    30    110
30    100    40    90
30    100    40    100
30    100    40    110
30    110    20    100
30    110    20    110
30    110    20    120
30    110    30    100
30    110    30    120
30    110    40    100
30    110    40    110
30    110    40    120
30    120    20    110
30    120    20    120
30    120    20    130
30    120    30    110
30    120    30    130
30    120    40    110
30    120    40    120
30    120    40    130
30    130    20    120
30    130    20    130
30    130    20    140
30    130    30    120
30    130    30    140
30    130    40    120
30    130    40    130
30    130    40    140
30    140    20    130
30    140    20    140
30    140    20    150
30    140    30    130
30    140    30    150
30    140    40    130
30    140    40    140
30    140    40    150
30    150    20    140
30    150    30    140
30    150    40    140
40    0    30    0
40    0    30    10
40    0    40    10
40    0    50    0
40    0    50    10
40    10    30    0
40    10    30    10
40    10    30    20
40    10    40    0
40    10    40    20
40    10    50    0
40    10    50    10
40    10    50    20
40    20    30    10
40    20    30    20
40    20    30    30
40    20    40    10
40    20    40    30
40    20    50    10
40    20    50    20
40    20    50    30
40    30    30    20
40    30    30    30
40    30    30    40
40    30    40    20
40    30    40    40
40    30    50    20
40    30    50    30
40    30    50    40
40    40    30    30
40    40    30    40
40    40    30    50
40    40    40    30
40    40    40    50
40    40    50    30
40    40    50    40
40    40    50    50
40    50    30    40
40    50    30    50
40    50    30    60
40    50    40    40
40    50    40    60
40    50    50    40
40    50    50    50
40    50    50    60
40    60    30    50
40    60    30    60
40    60    30    70
40    60    40    50
40    60    40    70
40    60    50    50
40    60    50    60
40    60    50    70
40    70    30    60
40    70    30    70
40    70    40    60
40    70    50    60
40    70    50    70
40    90    30    90
40    90    30    100
40    90    40    100
40    90    50    90
40    90    50    100
40    100    30    90
40    100    30    100
40    100    30    110
40    100    40    90
40    100    40    110
40    100    50    90
40    100    50    100
40    100    50    110
40    110    30    100
40    110    30    110
40    110    30    120
40    110    40    100
40    110    40    120
40    110    50    100
40    110    50    110
40    110    50    120
40    120    30    110
40    120    30    120
40    120    30    130
40    120    40    110
40    120    40    130
40    120    50    110
40    120    50    120
40    120    50    130
40    130    30    120
40    130    30    130
40    130    30    140
40    130    40    120
40    130    40    140
40    130    50    120
40    130    50    130
40    130    50    140
40    140    30    130
40    140    30    140
40    140    30    150
40    140    40    130
40    140    40    150
40    140    50    130
40    140    50    140
40    140    50    150
40    150    30    140
40    150    40    140
40    150    50    140
50    0    40    0
50    0    40    10
50    0    50    10
50    0    60    0
50    0    60    10
50    10    40    0
50    10    40    10
50    10    40    20
50    10    50    0
50    10    50    20
50    10    60    0
50    10    60    10
50    10    60    20
50    20    40    10
50    20    40    20
50    20    40    30
50    20    50    10
50    20    50    30
50    20    60    10
50    20    60    20
50    20    60    30
50    30    40    20
50    30    40    30
50    30    40    40
50    30    50    20
50    30    50    40
50    30    60    20
50    30    60    30
50    30    60    40
50    40    40    30
50    40    40    40
50    40    40    50
50    40    50    30
50    40    50    50
50    40    60    30
50    40    60    40
50    40    60    50
50    50    40    40
50    50    40    50
50    50    40    60
50    50    50    40
50    50    50    60
50    50    60    40
50    50    60    50
50    50    60    60
50    60    40    50
50    60    40    60
50    60    40    70
50    60    50    50
50    60    50    70
50    60    60    50
50    60    60    60
50    60    60    70
50    70    40    60
50    70    40    70
50    70    50    60
50    70    60    60
50    70    60    70
50    90    40    90
50    90    40    100
50    90    50    100
50    90    60    90
50    90    60    100
50    100    40    90
50    100    40    100
50    100    40    110
50    100    50    90
50    100    50    110
50    100    60    90
50    100    60    100
50    100    60    110
50    110    40    100
50    110    40    110
50    110    40    120
50    110    50    100
50    110    50    120
50    110    60    100
50    110    60    110
50    110    60    120
50    120    40    110
50    120    40    120
50    120    40    130
50    120    50    110
50    120    50    130
50    120    60    110
50    120    60    120
50    120    60    130
50    130    40    120
50    130    40    130
50    130    40    140
50    130    50    120
50    130    50    140
50    130    60    120
50    130    60    130
50    130    60    140
50    140    40    130
50    140    40    140
50    140    40    150
50    140    50    130
50    140    50    150
50    140    60    130
50    140    60    140
50    140    60    150
50    150    40    140
50    150    50    140
50    150    60    140
60    0    50    0
60    0    50    10
60    0    60    10
60    0    70    0
60    0    70    10
60    10    50    0
60    10    50    10
60    10    50    20
60    10    60    0
60    10    60    20
60    10    70    0
60    10    70    10
60    10    70    20
60    20    50    10
60    20    50    20
60    20    50    30
60    20    60    10
60    20    60    30
60    20    70    10
60    20    70    20
60    20    70    30
60    30    50    20
60    30    50    30
60    30    50    40
60    30    60    20
60    30    60    40
60    30    70    20
60    30    70    30
60    30    70    40
60    40    50    30
60    40    50    40
60    40    50    50
60    40    60    30
60    40    60    50
60    40    70    30
60    40    70    40
60    40    70    50
60    50    50    40
60    50    50    50
60    50    50    60
60    50    60    40
60    50    60    60
60    50    70    40
60    50    70    50
60    50    70    60
60    60    50    50
60    60    50    60
60    60    50    70
60    60    60    50
60    60    60    70
60    60    70    50
60    60    70    60
60    60    70    70
60    70    50    60
60    70    50    70
60    70    60    60
60    70    70    60
60    70    70    70
60    90    50    90
60    90    50    100
60    90    60    100
60    90    70    90
60    90    70    100
60    100    50    90
60    100    50    100
60    100    50    110
60    100    60    90
60    100    60    110
60    100    70    90
60    100    70    100
60    100    70    110
60    110    50    100
60    110    50    110
60    110    50    120
60    110    60    100
60    110    60    120
60    110    70    100
60    110    70    110
60    110    70    120
60    120    50    110
60    120    50    120
60    120    50    130
60    120    60    110
60    120    60    130
60    120    70    110
60    120    70    120
60    120    70    130
60    130    50    120
60    130    50    130
60    130    50    140
60    130    60    120
60    130    60    140
60    130    70    120
60    130    70    130
60    130    70    140
60    140    50    130
60    140    50    140
60    140    50    150
60    140    60    130
60    140    60    150
60    140    70    130
60    140    70    140
60    140    70    150
60    150    50    140
60    150    60    140
60    150    70    140
70    0    60    0
70    0    60    10
70    0    70    10
70    0    80    0
70    0    80    10
70    10    60    0
70    10    60    10
70    10    60    20
70    10    70    0
70    10    70    20
70    10    80    0
70    10    80    10
70    10    80    20
70    20    60    10
70    20    60    20
70    20    60    30
70    20    70    10
70    20    70    30
70    20    80    10
70    20    80    20
70    20    80    30
70    30    60    20
70    30    60    30
70    30    60    40
70    30    70    20
70    30    70    40
70    30    80    20
70    30    80    30
70    30    80    40
70    40    60    30
70    40    60    40
70    40    60    50
70    40    70    30
70    40    70    50
70    40    80    30
70    40    80    40
70    40    80    50
70    50    60    40
70    50    60    50
70    50    60    60
70    50    70    40
70    50    70    60
70    50    80    40
70    50    80    50
70    50    80    60
70    60    60    50
70    60    60    60
70    60    60    70
70    60    70    50
70    60    70    70
70    60    80    50
70    60    80    60
70    60    80    70
70    70    60    60
70    70    60    70
70    70    70    60
70    70    80    60
70    70    80    70
70    90    60    90
70    90    60    100
70    90    70    100
70    90    80    90
70    90    80    100
70    100    60    90
70    100    60    100
70    100    60    110
70    100    70    90
70    100    70    110
70    100    80    90
70    100    80    100
70    100    80    110
70    110    60    100
70    110    60    110
70    110    60    120
70    110    70    100
70    110    70    120
70    110    80    100
70    110    80    110
70    110    80    120
70    120    60    110
70    120    60    120
70    120    60    130
70    120    70    110
70    120    70    130
70    120    80    110
70    120    80    120
70    120    80    130
70    130    60    120
70    130    60    130
70    130    60    140
70    130    70    120
70    130    70    140
70    130    80    120
70    130    80    130
70    130    80    140
70    140    60    130
70    140    60    140
70    140    60    150
70    140    70    130
70    140    70    150
70    140    80    130
70    140    80    140
70    140    80    150
70    150    60    140
70    150    70    140
70    150    80    140
80    0    70    0
80    0    70    10
80    0    80    10
80    0    90    0
80    0    90    10
80    10    70    0
80    10    70    10
80    10    70    20
80    10    80    0
80    10    80    20
80    10    90    0
80    10    90    10
80    10    90    20
80    20    70    10
80    20    70    20
80    20    70    30
80    20    80    10
80    20    80    30
80    20    90    10
80    20    90    20
80    20    90    30
80    30    70    20
80    30    70    30
80    30    70    40
80    30    80    20
80    30    80    40
80    30    90    20
80    30    90    30
80    30    90    40
80    40    70    30
80    40    70    40
80    40    70    50
80    40    80    30
80    40    80    50
80    40    90    30
80    40    90    40
80    40    90    50
80    50    70    40
80    50    70    50
80    50    70    60
80    50    80    40
80    50    80    60
80    50    90    40
80    50    90    50
80    50    90    60
80    60    70    50
80    60    70    60
80    60    70    70
80    60    80    50
80    60    80    70
80    60    90    50
80    60    90    60
80    60    90    70
80    70    70    60
80    70    70    70
80    70    80    60
80    70    90    60
80    70    90    70
80    90    70    90
80    90    70    100
80    90    80    100
80    90    90    90
80    90    90    100
80    100    70    90
80    100    70    100
80    100    70    110
80    100    80    90
80    100    80    110
80    100    90    90
80    100    90    100
80    100    90    110
80    110    70    100
80    110    70    110
80    110    70    120
80    110    80    100
80    110    80    120
80    110    90    100
80    110    90    110
80    110    90    120
80    120    70    110
80    120    70    120
80    120    70    130
80    120    80    110
80    120    80    130
80    120    90    110
80    120    90    120
80    120    90    130
80    130    70    120
80    130    70    130
80    130    70    140
80    130    80    120
80    130    80    140
80    130    90    120
80    130    90    130
80    130    90    140
80    140    70    130
80    140    70    140
80    140    70    150
80    140    80    130
80    140    80    150
80    140    90    130
80    140    90    140
80    140    90    150
80    150    70    140
80    150    80    140
80    150    90    140
90    0    80    0
90    0    80    10
90    0    90    10
90    0    100    0
90    0    100    10
90    10    80    0
90    10    80    10
90    10    80    20
90    10    90    0
90    10    90    20
90    10    100    0
90    10    100    10
90    10    100    20
90    20    80    10
90    20    80    20
90    20    80    30
90    20    90    10
90    20    90    30
90    20    100    10
90    20    100    20
90    20    100    30
90    30    80    20
90    30    80    30
90    30    80    40
90    30    90    20
90    30    90    40
90    30    100    20
90    30    100    30
90    30    100    40
90    40    80    30
90    40    80    40
90    40    80    50
90    40    90    30
90    40    90    50
90    40    100    30
90    40    100    40
90    40    100    50
90    50    80    40
90    50    80    50
90    50    80    60
90    50    90    40
90    50    90    60
90    50    100    40
90    50    100    50
90    50    100    60
90    60    80    50
90    60    80    60
90    60    80    70
90    60    90    50
90    60    90    70
90    60    100    50
90    60    100    60
90    60    100    70
90    70    80    60
90    70    80    70
90    70    90    60
90    70    100    60
90    70    100    70
90    90    80    90
90    90    80    100
90    90    90    100
90    90    100    90
90    90    100    100
90    100    80    90
90    100    80    100
90    100    80    110
90    100    90    90
90    100    90    110
90    100    100    90
90    100    100    100
90    100    100    110
90    110    80    100
90    110    80    110
90    110    80    120
90    110    90    100
90    110    90    120
90    110    100    100
90    110    100    110
90    110    100    120
90    120    80    110
90    120    80    120
90    120    80    130
90    120    90    110
90    120    90    130
90    120    100    110
90    120    100    120
90    120    100    130
90    130    80    120
90    130    80    130
90    130    80    140
90    130    90    120
90    130    90    140
90    130    100    120
90    130    100    130
90    130    100    140
90    140    80    130
90    140    80    140
90    140    80    150
90    140    90    130
90    140    90    150
90    140    100    130
90    140    100    140
90    140    100    150
90    150    80    140
90    150    90    140
90    150    100    140
100    0    90    0
100    0    90    10
100    0    100    10
100    0    110    0
100    0    110    10
100    10    90    0
100    10    90    10
100    10    90    20
100    10    100    0
100    10    100    20
100    10    110    0
100    10    110    10
100    10    110    20
100    20    90    10
100    20    90    20
100    20    90    30
100    20    100    10
100    20    100    30
100    20    110    10
100    20    110    20
100    20    110    30
100    30    90    20
100    30    90    30
100    30    90    40
100    30    100    20
100    30    100    40
100    30    110    20
100    30    110    30
100    30    110    40
100    40    90    30
100    40    90    40
100    40    90    50
100    40    100    30
100    40    100    50
100    40    110    30
100    40    110    40
100    40    110    50
100    50    90    40
100    50    90    50
100    50    90    60
100    50    100    40
100    50    100    60
100    50    110    40
100    50    110    50
100    50    110    60
100    60    90    50
100    60    90    60
100    60    90    70
100    60    100    50
100    60    100    70
100    60    110    50
100    60    110    60
100    60    110    70
100    70    90    60
100    70    90    70
100    70    100    60
100    70    110    60
100    70    110    70
100    90    90    90
100    90    90    100
100    90    100    100
100    90    110    90
100    90    110    100
100    100    90    90
100    100    90    100
100    100    90    110
100    100    100    90
100    100    100    110
100    100    110    90
100    100    110    100
100    100    110    110
100    110    90    100
100    110    90    110
100    110    90    120
100    110    100    100
100    110    100    120
100    110    110    100
100    110    110    110
100    110    110    120
100    120    90    110
100    120    90    120
100    120    90    130
100    120    100    110
100    120    100    130
100    120    110    110
100    120    110    120
100    120    110    130
100    130    90    120
100    130    90    130
100    130    90    140
100    130    100    120
100    130    100    140
100    130    110    120
100    130    110    130
100    130    110    140
100    140    90    130
100    140    90    140
100    140    90    150
100    140    100    130
100    140    100    150
100    140    110    130
100    140    110    140
100    140    110    150
100    150    90    140
100    150    100    140
100    150    110    140
110    0    100    0
110    0    100    10
110    0    110    10
110    0    120    0
110    0    120    10
110    10    100    0
110    10    100    10
110    10    100    20
110    10    110    0
110    10    110    20
110    10    120    0
110    10    120    10
110    10    120    20
110    20    100    10
110    20    100    20
110    20    100    30
110    20    110    10
110    20    110    30
110    20    120    10
110    20    120    20
110    20    120    30
110    30    100    20
110    30    100    30
110    30    100    40
110    30    110    20
110    30    110    40
110    30    120    20
110    30    120    30
110    30    120    40
110    40    100    30
110    40    100    40
110    40    100    50
110    40    110    30
110    40    110    50
110    40    120    30
110    40    120    40
110    40    120    50
110    50    100    40
110    50    100    50
110    50    100    60
110    50    110    40
110    50    110    60
110    50    120    40
110    50    120    50
110    50    120    60
110    60    100    50
110    60    100    60
110    60    100    70
110    60    110    50
110    60    110    70
110    60    120    50
110    60    120    60
110    60    120    70
110    70    100    60
110    70    100    70
110    70    110    60
110    70    120    60
110    70    120    70
110    90    100    90
110    90    100    100
110    90    110    100
110    90    120    90
110    90    120    100
110    100    100    90
110    100    100    100
110    100    100    110
110    100    110    90
110    100    110    110
110    100    120    90
110    100    120    100
110    100    120    110
110    110    100    100
110    110    100    110
110    110    100    120
110    110    110    100
110    110    110    120
110    110    120    100
110    110    120    110
110    110    120    120
110    120    100    110
110    120    100    120
110    120    100    130
110    120    110    110
110    120    110    130
110    120    120    110
110    120    120    120
110    120    120    130
110    130    100    120
110    130    100    130
110    130    100    140
110    130    110    120
110    130    110    140
110    130    120    120
110    130    120    130
110    130    120    140
110    140    100    130
110    140    100    140
110    140    100    150
110    140    110    130
110    140    110    150
110    140    120    130
110    140    120    140
110    140    120    150
110    150    100    140
110    150    110    140
110    150    120    140
120    0    110    0
120    0    110    10
120    0    120    10
120    0    130    0
120    0    130    10
120    10    110    0
120    10    110    10
120    10    110    20
120    10    120    0
120    10    120    20
120    10    130    0
120    10    130    10
120    10    130    20
120    20    110    10
120    20    110    20
120    20    110    30
120    20    120    10
120    20    120    30
120    20    130    10
120    20    130    20
120    20    130    30
120    30    110    20
120    30    110    30
120    30    110    40
120    30    120    20
120    30    120    40
120    30    130    20
120    30    130    30
120    30    130    40
120    40    110    30
120    40    110    40
120    40    110    50
120    40    120    30
120    40    120    50
120    40    130    30
120    40    130    40
120    40    130    50
120    50    110    40
120    50    110    50
120    50    110    60
120    50    120    40
120    50    120    60
120    50    130    40
120    50    130    50
120    50    130    60
120    60    110    50
120    60    110    60
120    60    110    70
120    60    120    50
120    60    120    70
120    60    130    50
120    60    130    60
120    60    130    70
120    70    110    60
120    70    110    70
120    70    120    60
120    70    130    60
120    70    130    70
120    90    110    90
120    90    110    100
120    90    120    100
120    90    130    90
120    90    130    100
120    100    110    90
120    100    110    100
120    100    110    110
120    100    120    90
120    100    120    110
120    100    130    90
120    100    130    100
120    100    130    110
120    110    110    100
120    110    110    110
120    110    110    120
120    110    120    100
120    110    120    120
120    110    130    100
120    110    130    110
120    110    130    120
120    120    110    110
120    120    110    120
120    120    110    130
120    120    120    110
120    120    120    130
120    120    130    110
120    120    130    120
120    120    130    130
120    130    110    120
120    130    110    130
120    130    110    140
120    130    120    120
120    130    120    140
120    130    130    120
120    130    130    130
120    130    130    140
120    140    110    130
120    140    110    140
120    140    110    150
120    140    120    130
120    140    120    150
120    140    130    130
120    140    130    140
120    140    130    150
120    150    110    140
120    150    120    140
120    150    130    140
130    0    120    0
130    0    120    10
130    0    130    10
130    0    140    0
130    0    140    10
130    10    120    0
130    10    120    10
130    10    120    20
130    10    130    0
130    10    130    20
130    10    140    0
130    10    140    10
130    10    140    20
130    20    120    10
130    20    120    20
130    20    120    30
130    20    130    10
130    20    130    30
130    20    140    10
130    20    140    20
130    20    140    30
130    30    120    20
130    30    120    30
130    30    120    40
130    30    130    20
130    30    130    40
130    30    140    20
130    30    140    30
130    30    140    40
130    40    120    30
130    40    120    40
130    40    120    50
130    40    130    30
130    40    130    50
130    40    140    30
130    40    140    40
130    40    140    50
130    50    120    40
130    50    120    50
130    50    120    60
130    50    130    40
130    50    130    60
130    50    140    40
130    50    140    50
130    50    140    60
130    60    120    50
130    60    120    60
130    60    120    70
130    60    130    50
130    60    130    70
130    60    140    50
130    60    140    60
130    60    140    70
130    70    120    60
130    70    120    70
130    70    130    60
130    70    140    60
130    70    140    70
130    90    120    90
130    90    120    100
130    90    130    100
130    90    140    90
130    90    140    100
130    100    120    90
130    100    120    100
130    100    120    110
130    100    130    90
130    100    130    110
130    100    140    90
130    100    140    100
130    100    140    110
130    110    120    100
130    110    120    110
130    110    120    120
130    110    130    100
130    110    130    120
130    110    140    100
130    110    140    110
130    110    140    120
130    120    120    110
130    120    120    120
130    120    120    130
130    120    130    110
130    120    130    130
130    120    140    110
130    120    140    120
130    120    140    130
130    130    120    120
130    130    120    130
130    130    120    140
130    130    130    120
130    130    130    140
130    130    140    120
130    130    140    130
130    130    140    140
130    140    120    130
130    140    120    140
130    140    120    150
130    140    130    130
130    140    130    150
130    140    140    130
130    140    140    140
130    140    140    150
130    150    120    140
130    150    130    140
130    150    140    140
140    0    130    0
140    0    130    10
140    0    140    10
140    0    150    0
140    0    150    10
140    10    130    0
140    10    130    10
140    10    130    20
140    10    140    0
140    10    140    20
140    10    150    0
140    10    150    10
140    10    150    20
140    20    130    10
140    20    130    20
140    20    130    30
140    20    140    10
140    20    140    30
140    20    150    10
140    20    150    20
140    20    150    30
140    30    130    20
140    30    130    30
140    30    130    40
140    30    140    20
140    30    140    40
140    30    150    20
140    30    150    30
140    30    150    40
140    40    130    30
140    40    130    40
140    40    130    50
140    40    140    30
140    40    140    50
140    40    150    30
140    40    150    40
140    40    150    50
140    50    130    40
140    50    130    50
140    50    130    60
140    50    140    40
140    50    140    60
140    50    150    40
140    50    150    50
140    50    150    60
140    60    130    50
140    60    130    60
140    60    130    70
140    60    140    50
140    60    140    70
140    60    150    50
140    60    150    60
140    60    150    70
140    70    130    60
140    70    130    70
140    70    140    60
140    70    150    60
140    70    150    70
140    70    150    80
140    90    130    90
140    90    130    100
140    90    140    100
140    90    150    80
140    90    150    90
140    90    150    100
140    100    130    90
140    100    130    100
140    100    130    110
140    100    140    90
140    100    140    110
140    100    150    90
140    100    150    100
140    100    150    110
140    110    130    100
140    110    130    110
140    110    130    120
140    110    140    100
140    110    140    120
140    110    150    100
140    110    150    110
140    110    150    120
140    120    130    110
140    120    130    120
140    120    130    130
140    120    140    110
140    120    140    130
140    120    150    110
140    120    150    120
140    120    150    130
140    130    130    120
140    130    130    130
140    130    130    140
140    130    140    120
140    130    140    140
140    130    150    120
140    130    150    130
140    130    150    140
140    140    130    130
140    140    130    140
140    140    130    150
140    140    140    130
140    140    140    150
140    140    150    130
140    140    150    140
140    140    150    150
140    150    130    140
140    150    140    140
140    150    150    140
150    0    140    0
150    0    140    10
150    0    150    10
150    10    140    0
150    10    140    10
150    10    140    20
150    10    150    0
150    10    150    20
150    20    140    10
150    20    140    20
150    20    140    30
150    20    150    10
150    20    150    30
150    30    140    20
150    30    140    30
150    30    140    40
150    30    150    20
150    30    150    40
150    40    140    30
150    40    140    40
150    40    140    50
150    40    150    30
150    40    150    50
150    50    140    40
150    50    140    50
150    50    140    60
150    50    150    40
150    50    150    60
150    60    140    50
150    60    140    60
150    60    140    70
150    60    150    50
150    60    150    70
150    70    140    60
150    70    140    70
150    70    150    60
150    70    150    80
150    80    140    70
150    80    140    90
150    80    150    70
150    80    150    90
150    90    140    90
150    90    140    100
150    90    150    80
150    90    150    100
150    100    140    90
150    100    140    100
150    100    140    110
150    100    150    90
150    100    150    110
150    110    140    100
150    110    140    110
150    110    140    120
150    110    150    100
150    110    150    120
150    120    140    110
150    120    140    120
150    120    140    130
150    120    150    110
150    120    150    130
150    130    140    120
150    130    140    130
150    130    140    140
150    130    150    120
150    130    150    140
150    140    140    130
150    140    140    140
150    140    140    150
150    140    150    130
150    140    150    150
150    150    140    140
150    150    150    140


0   8     " 1"
8   0     " 1"
8   8     " 1.41421"
0   2     " 1"
0   18     " 1"
8   2     " 1.41421"
8   10     " 1"
8   18     " 1.41421"
0   12     " 1"
0   28     " 1"
8   12     " 1.41421"
8   20     " 1"
8   28     " 1.41421"
0   22     " 1"
0   38     " 1"
8   22     " 1.41421"
8   30     " 1"
8   38     " 1.41421"
0   32     " 1"
0   48     " 1"
8   32     " 1.41421"
8   40     " 1"
8   48     " 1.41421"
0   42     " 1"
0   58     " 1"
8   42     " 1.41421"
8   50     " 1"
8   58     " 1.41421"
0   52     " 1"
0   68     " 1"
8   52     " 1.41421"
8   60     " 1"
8   68     " 1.41421"
0   62     " 1"
0   78     " 1"
8   62     " 1.41421"
8   70     " 1"
0   72     " 1"
0   88     " 1"
8   72     " 1.41421"
8   88     " 1.41421"
0   82     " 1"
0   98     " 1"
8   90     " 1"
8   98     " 1.41421"
0   92     " 1"
0   108     " 1"
8   92     " 1.41421"
8   100     " 1"
8   108     " 1.41421"
0   102     " 1"
0   118     " 1"
8   102     " 1.41421"
8   110     " 1"
8   118     " 1.41421"
0   112     " 1"
0   128     " 1"
8   112     " 1.41421"
8   120     " 1"
8   128     " 1.41421"
0   122     " 1"
0   138     " 1"
8   122     " 1.41421"
8   130     " 1"
8   138     " 1.41421"
0   132     " 1"
0   148     " 1"
8   132     " 1.41421"
8   140     " 1"
8   148     " 1.41421"
0   142     " 1"
8   142     " 1.41421"
2   0     " 1"
2   8     " 1.41421"
10   8     " 1"
18   0     " 1"
18   8     " 1.41421"
2   2     " 1.41421"
2   10     " 1"
2   18     " 1.41421"
10   2     " 1"
10   18     " 1"
18   2     " 1.41421"
18   10     " 1"
18   18     " 1.41421"
2   12     " 1.41421"
2   20     " 1"
2   28     " 1.41421"
10   12     " 1"
10   28     " 1"
18   12     " 1.41421"
18   20     " 1"
18   28     " 1.41421"
2   22     " 1.41421"
2   30     " 1"
2   38     " 1.41421"
10   22     " 1"
10   38     " 1"
18   22     " 1.41421"
18   30     " 1"
18   38     " 1.41421"
2   32     " 1.41421"
2   40     " 1"
2   48     " 1.41421"
10   32     " 1"
10   48     " 1"
18   32     " 1.41421"
18   40     " 1"
18   48     " 1.41421"
2   42     " 1.41421"
2   50     " 1"
2   58     " 1.41421"
10   42     " 1"
10   58     " 1"
18   42     " 1.41421"
18   50     " 1"
18   58     " 1.41421"
2   52     " 1.41421"
2   60     " 1"
2   68     " 1.41421"
10   52     " 1"
10   68     " 1"
18   52     " 1.41421"
18   60     " 1"
18   68     " 1.41421"
2   62     " 1.41421"
2   70     " 1"
2   78     " 1.41421"
10   62     " 1"
18   62     " 1.41421"
18   70     " 1"
2   82     " 1.41421"
2   90     " 1"
2   98     " 1.41421"
10   98     " 1"
18   90     " 1"
18   98     " 1.41421"
2   92     " 1.41421"
2   100     " 1"
2   108     " 1.41421"
10   92     " 1"
10   108     " 1"
18   92     " 1.41421"
18   100     " 1"
18   108     " 1.41421"
2   102     " 1.41421"
2   110     " 1"
2   118     " 1.41421"
10   102     " 1"
10   118     " 1"
18   102     " 1.41421"
18   110     " 1"
18   118     " 1.41421"
2   112     " 1.41421"
2   120     " 1"
2   128     " 1.41421"
10   112     " 1"
10   128     " 1"
18   112     " 1.41421"
18   120     " 1"
18   128     " 1.41421"
2   122     " 1.41421"
2   130     " 1"
2   138     " 1.41421"
10   122     " 1"
10   138     " 1"
18   122     " 1.41421"
18   130     " 1"
18   138     " 1.41421"
2   132     " 1.41421"
2   140     " 1"
2   148     " 1.41421"
10   132     " 1"
10   148     " 1"
18   132     " 1.41421"
18   140     " 1"
18   148     " 1.41421"
2   142     " 1.41421"
10   142     " 1"
18   142     " 1.41421"
12   0     " 1"
12   8     " 1.41421"
20   8     " 1"
28   0     " 1"
28   8     " 1.41421"
12   2     " 1.41421"
12   10     " 1"
12   18     " 1.41421"
20   2     " 1"
20   18     " 1"
28   2     " 1.41421"
28   10     " 1"
28   18     " 1.41421"
12   12     " 1.41421"
12   20     " 1"
12   28     " 1.41421"
20   12     " 1"
20   28     " 1"
28   12     " 1.41421"
28   20     " 1"
28   28     " 1.41421"
12   22     " 1.41421"
12   30     " 1"
12   38     " 1.41421"
20   22     " 1"
20   38     " 1"
28   22     " 1.41421"
28   30     " 1"
28   38     " 1.41421"
12   32     " 1.41421"
12   40     " 1"
12   48     " 1.41421"
20   32     " 1"
20   48     " 1"
28   32     " 1.41421"
28   40     " 1"
28   48     " 1.41421"
12   42     " 1.41421"
12   50     " 1"
12   58     " 1.41421"
20   42     " 1"
20   58     " 1"
28   42     " 1.41421"
28   50     " 1"
28   58     " 1.41421"
12   52     " 1.41421"
12   60     " 1"
12   68     " 1.41421"
20   52     " 1"
20   68     " 1"
28   52     " 1.41421"
28   60     " 1"
28   68     " 1.41421"
12   62     " 1.41421"
12   70     " 1"
20   62     " 1"
28   62     " 1.41421"
28   70     " 1"
12   90     " 1"
12   98     " 1.41421"
20   98     " 1"
28   90     " 1"
28   98     " 1.41421"
12   92     " 1.41421"
12   100     " 1"
12   108     " 1.41421"
20   92     " 1"
20   108     " 1"
28   92     " 1.41421"
28   100     " 1"
28   108     " 1.41421"
12   102     " 1.41421"
12   110     " 1"
12   118     " 1.41421"
20   102     " 1"
20   118     " 1"
28   102     " 1.41421"
28   110     " 1"
28   118     " 1.41421"
12   112     " 1.41421"
12   120     " 1"
12   128     " 1.41421"
20   112     " 1"
20   128     " 1"
28   112     " 1.41421"
28   120     " 1"
28   128     " 1.41421"
12   122     " 1.41421"
12   130     " 1"
12   138     " 1.41421"
20   122     " 1"
20   138     " 1"
28   122     " 1.41421"
28   130     " 1"
28   138     " 1.41421"
12   132     " 1.41421"
12   140     " 1"
12   148     " 1.41421"
20   132     " 1"
20   148     " 1"
28   132     " 1.41421"
28   140     " 1"
28   148     " 1.41421"
12   142     " 1.41421"
20   142     " 1"
28   142     " 1.41421"
22   0     " 1"
22   8     " 1.41421"
30   8     " 1"
38   0     " 1"
38   8     " 1.41421"
22   2     " 1.41421"
22   10     " 1"
22   18     " 1.41421"
30   2     " 1"
30   18     " 1"
38   2     " 1.41421"
38   10     " 1"
38   18     " 1.41421"
22   12     " 1.41421"
22   20     " 1"
22   28     " 1.41421"
30   12     " 1"
30   28     " 1"
38   12     " 1.41421"
38   20     " 1"
38   28     " 1.41421"
22   22     " 1.41421"
22   30     " 1"
22   38     " 1.41421"
30   22     " 1"
30   38     " 1"
38   22     " 1.41421"
38   30     " 1"
38   38     " 1.41421"
22   32     " 1.41421"
22   40     " 1"
22   48     " 1.41421"
30   32     " 1"
30   48     " 1"
38   32     " 1.41421"
38   40     " 1"
38   48     " 1.41421"
22   42     " 1.41421"
22   50     " 1"
22   58     " 1.41421"
30   42     " 1"
30   58     " 1"
38   42     " 1.41421"
38   50     " 1"
38   58     " 1.41421"
22   52     " 1.41421"
22   60     " 1"
22   68     " 1.41421"
30   52     " 1"
30   68     " 1"
38   52     " 1.41421"
38   60     " 1"
38   68     " 1.41421"
22   62     " 1.41421"
22   70     " 1"
30   62     " 1"
38   62     " 1.41421"
38   70     " 1"
22   90     " 1"
22   98     " 1.41421"
30   98     " 1"
38   90     " 1"
38   98     " 1.41421"
22   92     " 1.41421"
22   100     " 1"
22   108     " 1.41421"
30   92     " 1"
30   108     " 1"
38   92     " 1.41421"
38   100     " 1"
38   108     " 1.41421"
22   102     " 1.41421"
22   110     " 1"
22   118     " 1.41421"
30   102     " 1"
30   118     " 1"
38   102     " 1.41421"
38   110     " 1"
38   118     " 1.41421"
22   112     " 1.41421"
22   120     " 1"
22   128     " 1.41421"
30   112     " 1"
30   128     " 1"
38   112     " 1.41421"
38   120     " 1"
38   128     " 1.41421"
22   122     " 1.41421"
22   130     " 1"
22   138     " 1.41421"
30   122     " 1"
30   138     " 1"
38   122     " 1.41421"
38   130     " 1"
38   138     " 1.41421"
22   132     " 1.41421"
22   140     " 1"
22   148     " 1.41421"
30   132     " 1"
30   148     " 1"
38   132     " 1.41421"
38   140     " 1"
38   148     " 1.41421"
22   142     " 1.41421"
30   142     " 1"
38   142     " 1.41421"
32   0     " 1"
32   8     " 1.41421"
40   8     " 1"
48   0     " 1"
48   8     " 1.41421"
32   2     " 1.41421"
32   10     " 1"
32   18     " 1.41421"
40   2     " 1"
40   18     " 1"
48   2     " 1.41421"
48   10     " 1"
48   18     " 1.41421"
32   12     " 1.41421"
32   20     " 1"
32   28     " 1.41421"
40   12     " 1"
40   28     " 1"
48   12     " 1.41421"
48   20     " 1"
48   28     " 1.41421"
32   22     " 1.41421"
32   30     " 1"
32   38     " 1.41421"
40   22     " 1"
40   38     " 1"
48   22     " 1.41421"
48   30     " 1"
48   38     " 1.41421"
32   32     " 1.41421"
32   40     " 1"
32   48     " 1.41421"
40   32     " 1"
40   48     " 1"
48   32     " 1.41421"
48   40     " 1"
48   48     " 1.41421"
32   42     " 1.41421"
32   50     " 1"
32   58     " 1.41421"
40   42     " 1"
40   58     " 1"
48   42     " 1.41421"
48   50     " 1"
48   58     " 1.41421"
32   52     " 1.41421"
32   60     " 1"
32   68     " 1.41421"
40   52     " 1"
40   68     " 1"
48   52     " 1.41421"
48   60     " 1"
48   68     " 1.41421"
32   62     " 1.41421"
32   70     " 1"
40   62     " 1"
48   62     " 1.41421"
48   70     " 1"
32   90     " 1"
32   98     " 1.41421"
40   98     " 1"
48   90     " 1"
48   98     " 1.41421"
32   92     " 1.41421"
32   100     " 1"
32   108     " 1.41421"
40   92     " 1"
40   108     " 1"
48   92     " 1.41421"
48   100     " 1"
48   108     " 1.41421"
32   102     " 1.41421"
32   110     " 1"
32   118     " 1.41421"
40   102     " 1"
40   118     " 1"
48   102     " 1.41421"
48   110     " 1"
48   118     " 1.41421"
32   112     " 1.41421"
32   120     " 1"
32   128     " 1.41421"
40   112     " 1"
40   128     " 1"
48   112     " 1.41421"
48   120     " 1"
48   128     " 1.41421"
32   122     " 1.41421"
32   130     " 1"
32   138     " 1.41421"
40   122     " 1"
40   138     " 1"
48   122     " 1.41421"
48   130     " 1"
48   138     " 1.41421"
32   132     " 1.41421"
32   140     " 1"
32   148     " 1.41421"
40   132     " 1"
40   148     " 1"
48   132     " 1.41421"
48   140     " 1"
48   148     " 1.41421"
32   142     " 1.41421"
40   142     " 1"
48   142     " 1.41421"
42   0     " 1"
42   8     " 1.41421"
50   8     " 1"
58   0     " 1"
58   8     " 1.41421"
42   2     " 1.41421"
42   10     " 1"
42   18     " 1.41421"
50   2     " 1"
50   18     " 1"
58   2     " 1.41421"
58   10     " 1"
58   18     " 1.41421"
42   12     " 1.41421"
42   20     " 1"
42   28     " 1.41421"
50   12     " 1"
50   28     " 1"
58   12     " 1.41421"
58   20     " 1"
58   28     " 1.41421"
42   22     " 1.41421"
42   30     " 1"
42   38     " 1.41421"
50   22     " 1"
50   38     " 1"
58   22     " 1.41421"
58   30     " 1"
58   38     " 1.41421"
42   32     " 1.41421"
42   40     " 1"
42   48     " 1.41421"
50   32     " 1"
50   48     " 1"
58   32     " 1.41421"
58   40     " 1"
58   48     " 1.41421"
42   42     " 1.41421"
42   50     " 1"
42   58     " 1.41421"
50   42     " 1"
50   58     " 1"
58   42     " 1.41421"
58   50     " 1"
58   58     " 1.41421"
42   52     " 1.41421"
42   60     " 1"
42   68     " 1.41421"
50   52     " 1"
50   68     " 1"
58   52     " 1.41421"
58   60     " 1"
58   68     " 1.41421"
42   62     " 1.41421"
42   70     " 1"
50   62     " 1"
58   62     " 1.41421"
58   70     " 1"
42   90     " 1"
42   98     " 1.41421"
50   98     " 1"
58   90     " 1"
58   98     " 1.41421"
42   92     " 1.41421"
42   100     " 1"
42   108     " 1.41421"
50   92     " 1"
50   108     " 1"
58   92     " 1.41421"
58   100     " 1"
58   108     " 1.41421"
42   102     " 1.41421"
42   110     " 1"
42   118     " 1.41421"
50   102     " 1"
50   118     " 1"
58   102     " 1.41421"
58   110     " 1"
58   118     " 1.41421"
42   112     " 1.41421"
42   120     " 1"
42   128     " 1.41421"
50   112     " 1"
50   128     " 1"
58   112     " 1.41421"
58   120     " 1"
58   128     " 1.41421"
42   122     " 1.41421"
42   130     " 1"
42   138     " 1.41421"
50   122     " 1"
50   138     " 1"
58   122     " 1.41421"
58   130     " 1"
58   138     " 1.41421"
42   132     " 1.41421"
42   140     " 1"
42   148     " 1.41421"
50   132     " 1"
50   148     " 1"
58   132     " 1.41421"
58   140     " 1"
58   148     " 1.41421"
42   142     " 1.41421"
50   142     " 1"
58   142     " 1.41421"
52   0     " 1"
52   8     " 1.41421"
60   8     " 1"
68   0     " 1"
68   8     " 1.41421"
52   2     " 1.41421"
52   10     " 1"
52   18     " 1.41421"
60   2     " 1"
60   18     " 1"
68   2     " 1.41421"
68   10     " 1"
68   18     " 1.41421"
52   12     " 1.41421"
52   20     " 1"
52   28     " 1.41421"
60   12     " 1"
60   28     " 1"
68   12     " 1.41421"
68   20     " 1"
68   28     " 1.41421"
52   22     " 1.41421"
52   30     " 1"
52   38     " 1.41421"
60   22     " 1"
60   38     " 1"
68   22     " 1.41421"
68   30     " 1"
68   38     " 1.41421"
52   32     " 1.41421"
52   40     " 1"
52   48     " 1.41421"
60   32     " 1"
60   48     " 1"
68   32     " 1.41421"
68   40     " 1"
68   48     " 1.41421"
52   42     " 1.41421"
52   50     " 1"
52   58     " 1.41421"
60   42     " 1"
60   58     " 1"
68   42     " 1.41421"
68   50     " 1"
68   58     " 1.41421"
52   52     " 1.41421"
52   60     " 1"
52   68     " 1.41421"
60   52     " 1"
60   68     " 1"
68   52     " 1.41421"
68   60     " 1"
68   68     " 1.41421"
52   62     " 1.41421"
52   70     " 1"
60   62     " 1"
68   62     " 1.41421"
68   70     " 1"
52   90     " 1"
52   98     " 1.41421"
60   98     " 1"
68   90     " 1"
68   98     " 1.41421"
52   92     " 1.41421"
52   100     " 1"
52   108     " 1.41421"
60   92     " 1"
60   108     " 1"
68   92     " 1.41421"
68   100     " 1"
68   108     " 1.41421"
52   102     " 1.41421"
52   110     " 1"
52   118     " 1.41421"
60   102     " 1"
60   118     " 1"
68   102     " 1.41421"
68   110     " 1"
68   118     " 1.41421"
52   112     " 1.41421"
52   120     " 1"
52   128     " 1.41421"
60   112     " 1"
60   128     " 1"
68   112     " 1.41421"
68   120     " 1"
68   128     " 1.41421"
52   122     " 1.41421"
52   130     " 1"
52   138     " 1.41421"
60   122     " 1"
60   138     " 1"
68   122     " 1.41421"
68   130     " 1"
68   138     " 1.41421"
52   132     " 1.41421"
52   140     " 1"
52   148     " 1.41421"
60   132     " 1"
60   148     " 1"
68   132     " 1.41421"
68   140     " 1"
68   148     " 1.41421"
52   142     " 1.41421"
60   142     " 1"
68   142     " 1.41421"
62   0     " 1"
62   8     " 1.41421"
70   8     " 1"
78   0     " 1"
78   8     " 1.41421"
62   2     " 1.41421"
62   10     " 1"
62   18     " 1.41421"
70   2     " 1"
70   18     " 1"
78   2     " 1.41421"
78   10     " 1"
78   18     " 1.41421"
62   12     " 1.41421"
62   20     " 1"
62   28     " 1.41421"
70   12     " 1"
70   28     " 1"
78   12     " 1.41421"
78   20     " 1"
78   28     " 1.41421"
62   22     " 1.41421"
62   30     " 1"
62   38     " 1.41421"
70   22     " 1"
70   38     " 1"
78   22     " 1.41421"
78   30     " 1"
78   38     " 1.41421"
62   32     " 1.41421"
62   40     " 1"
62   48     " 1.41421"
70   32     " 1"
70   48     " 1"
78   32     " 1.41421"
78   40     " 1"
78   48     " 1.41421"
62   42     " 1.41421"
62   50     " 1"
62   58     " 1.41421"
70   42     " 1"
70   58     " 1"
78   42     " 1.41421"
78   50     " 1"
78   58     " 1.41421"
62   52     " 1.41421"
62   60     " 1"
62   68     " 1.41421"
70   52     " 1"
70   68     " 1"
78   52     " 1.41421"
78   60     " 1"
78   68     " 1.41421"
62   62     " 1.41421"
62   70     " 1"
70   62     " 1"
78   62     " 1.41421"
78   70     " 1"
62   90     " 1"
62   98     " 1.41421"
70   98     " 1"
78   90     " 1"
78   98     " 1.41421"
62   92     " 1.41421"
62   100     " 1"
62   108     " 1.41421"
70   92     " 1"
70   108     " 1"
78   92     " 1.41421"
78   100     " 1"
78   108     " 1.41421"
62   102     " 1.41421"
62   110     " 1"
62   118     " 1.41421"
70   102     " 1"
70   118     " 1"
78   102     " 1.41421"
78   110     " 1"
78   118     " 1.41421"
62   112     " 1.41421"
62   120     " 1"
62   128     " 1.41421"
70   112     " 1"
70   128     " 1"
78   112     " 1.41421"
78   120     " 1"
78   128     " 1.41421"
62   122     " 1.41421"
62   130     " 1"
62   138     " 1.41421"
70   122     " 1"
70   138     " 1"
78   122     " 1.41421"
78   130     " 1"
78   138     " 1.41421"
62   132     " 1.41421"
62   140     " 1"
62   148     " 1.41421"
70   132     " 1"
70   148     " 1"
78   132     " 1.41421"
78   140     " 1"
78   148     " 1.41421"
62   142     " 1.41421"
70   142     " 1"
78   142     " 1.41421"
72   0     " 1"
72   8     " 1.41421"
80   8     " 1"
88   0     " 1"
88   8     " 1.41421"
72   2     " 1.41421"
72   10     " 1"
72   18     " 1.41421"
80   2     " 1"
80   18     " 1"
88   2     " 1.41421"
88   10     " 1"
88   18     " 1.41421"
72   12     " 1.41421"
72   20     " 1"
72   28     " 1.41421"
80   12     " 1"
80   28     " 1"
88   12     " 1.41421"
88   20     " 1"
88   28     " 1.41421"
72   22     " 1.41421"
72   30     " 1"
72   38     " 1.41421"
80   22     " 1"
80   38     " 1"
88   22     " 1.41421"
88   30     " 1"
88   38     " 1.41421"
72   32     " 1.41421"
72   40     " 1"
72   48     " 1.41421"
80   32     " 1"
80   48     " 1"
88   32     " 1.41421"
88   40     " 1"
88   48     " 1.41421"
72   42     " 1.41421"
72   50     " 1"
72   58     " 1.41421"
80   42     " 1"
80   58     " 1"
88   42     " 1.41421"
88   50     " 1"
88   58     " 1.41421"
72   52     " 1.41421"
72   60     " 1"
72   68     " 1.41421"
80   52     " 1"
80   68     " 1"
88   52     " 1.41421"
88   60     " 1"
88   68     " 1.41421"
72   62     " 1.41421"
72   70     " 1"
80   62     " 1"
88   62     " 1.41421"
88   70     " 1"
72   90     " 1"
72   98     " 1.41421"
80   98     " 1"
88   90     " 1"
88   98     " 1.41421"
72   92     " 1.41421"
72   100     " 1"
72   108     " 1.41421"
80   92     " 1"
80   108     " 1"
88   92     " 1.41421"
88   100     " 1"
88   108     " 1.41421"
72   102     " 1.41421"
72   110     " 1"
72   118     " 1.41421"
80   102     " 1"
80   118     " 1"
88   102     " 1.41421"
88   110     " 1"
88   118     " 1.41421"
72   112     " 1.41421"
72   120     " 1"
72   128     " 1.41421"
80   112     " 1"
80   128     " 1"
88   112     " 1.41421"
88   120     " 1"
88   128     " 1.41421"
72   122     " 1.41421"
72   130     " 1"
72   138     " 1.41421"
80   122     " 1"
80   138     " 1"
88   122     " 1.41421"
88   130     " 1"
88   138     " 1.41421"
72   132     " 1.41421"
72   140     " 1"
72   148     " 1.41421"
80   132     " 1"
80   148     " 1"
88   132     " 1.41421"
88   140     " 1"
88   148     " 1.41421"
72   142     " 1.41421"
80   142     " 1"
88   142     " 1.41421"
82   0     " 1"
82   8     " 1.41421"
90   8     " 1"
98   0     " 1"
98   8     " 1.41421"
82   2     " 1.41421"
82   10     " 1"
82   18     " 1.41421"
90   2     " 1"
90   18     " 1"
98   2     " 1.41421"
98   10     " 1"
98   18     " 1.41421"
82   12     " 1.41421"
82   20     " 1"
82   28     " 1.41421"
90   12     " 1"
90   28     " 1"
98   12     " 1.41421"
98   20     " 1"
98   28     " 1.41421"
82   22     " 1.41421"
82   30     " 1"
82   38     " 1.41421"
90   22     " 1"
90   38     " 1"
98   22     " 1.41421"
98   30     " 1"
98   38     " 1.41421"
82   32     " 1.41421"
82   40     " 1"
82   48     " 1.41421"
90   32     " 1"
90   48     " 1"
98   32     " 1.41421"
98   40     " 1"
98   48     " 1.41421"
82   42     " 1.41421"
82   50     " 1"
82   58     " 1.41421"
90   42     " 1"
90   58     " 1"
98   42     " 1.41421"
98   50     " 1"
98   58     " 1.41421"
82   52     " 1.41421"
82   60     " 1"
82   68     " 1.41421"
90   52     " 1"
90   68     " 1"
98   52     " 1.41421"
98   60     " 1"
98   68     " 1.41421"
82   62     " 1.41421"
82   70     " 1"
90   62     " 1"
98   62     " 1.41421"
98   70     " 1"
82   90     " 1"
82   98     " 1.41421"
90   98     " 1"
98   90     " 1"
98   98     " 1.41421"
82   92     " 1.41421"
82   100     " 1"
82   108     " 1.41421"
90   92     " 1"
90   108     " 1"
98   92     " 1.41421"
98   100     " 1"
98   108     " 1.41421"
82   102     " 1.41421"
82   110     " 1"
82   118     " 1.41421"
90   102     " 1"
90   118     " 1"
98   102     " 1.41421"
98   110     " 1"
98   118     " 1.41421"
82   112     " 1.41421"
82   120     " 1"
82   128     " 1.41421"
90   112     " 1"
90   128     " 1"
98   112     " 1.41421"
98   120     " 1"
98   128     " 1.41421"
82   122     " 1.41421"
82   130     " 1"
82   138     " 1.41421"
90   122     " 1"
90   138     " 1"
98   122     " 1.41421"
98   130     " 1"
98   138     " 1.41421"
82   132     " 1.41421"
82   140     " 1"
82   148     " 1.41421"
90   132     " 1"
90   148     " 1"
98   132     " 1.41421"
98   140     " 1"
98   148     " 1.41421"
82   142     " 1.41421"
90   142     " 1"
98   142     " 1.41421"
92   0     " 1"
92   8     " 1.41421"
100   8     " 1"
108   0     " 1"
108   8     " 1.41421"
92   2     " 1.41421"
92   10     " 1"
92   18     " 1.41421"
100   2     " 1"
100   18     " 1"
108   2     " 1.41421"
108   10     " 1"
108   18     " 1.41421"
92   12     " 1.41421"
92   20     " 1"
92   28     " 1.41421"
100   12     " 1"
100   28     " 1"
108   12     " 1.41421"
108   20     " 1"
108   28     " 1.41421"
92   22     " 1.41421"
92   30     " 1"
92   38     " 1.41421"
100   22     " 1"
100   38     " 1"
108   22     " 1.41421"
108   30     " 1"
108   38     " 1.41421"
92   32     " 1.41421"
92   40     " 1"
92   48     " 1.41421"
100   32     " 1"
100   48     " 1"
108   32     " 1.41421"
108   40     " 1"
108   48     " 1.41421"
92   42     " 1.41421"
92   50     " 1"
92   58     " 1.41421"
100   42     " 1"
100   58     " 1"
108   42     " 1.41421"
108   50     " 1"
108   58     " 1.41421"
92   52     " 1.41421"
92   60     " 1"
92   68     " 1.41421"
100   52     " 1"
100   68     " 1"
108   52     " 1.41421"
108   60     " 1"
108   68     " 1.41421"
92   62     " 1.41421"
92   70     " 1"
100   62     " 1"
108   62     " 1.41421"
108   70     " 1"
92   90     " 1"
92   98     " 1.41421"
100   98     " 1"
108   90     " 1"
108   98     " 1.41421"
92   92     " 1.41421"
92   100     " 1"
92   108     " 1.41421"
100   92     " 1"
100   108     " 1"
108   92     " 1.41421"
108   100     " 1"
108   108     " 1.41421"
92   102     " 1.41421"
92   110     " 1"
92   118     " 1.41421"
100   102     " 1"
100   118     " 1"
108   102     " 1.41421"
108   110     " 1"
108   118     " 1.41421"
92   112     " 1.41421"
92   120     " 1"
92   128     " 1.41421"
100   112     " 1"
100   128     " 1"
108   112     " 1.41421"
108   120     " 1"
108   128     " 1.41421"
92   122     " 1.41421"
92   130     " 1"
92   138     " 1.41421"
100   122     " 1"
100   138     " 1"
108   122     " 1.41421"
108   130     " 1"
108   138     " 1.41421"
92   132     " 1.41421"
92   140     " 1"
92   148     " 1.41421"
100   132     " 1"
100   148     " 1"
108   132     " 1.41421"
108   140     " 1"
108   148     " 1.41421"
92   142     " 1.41421"
100   142     " 1"
108   142     " 1.41421"
102   0     " 1"
102   8     " 1.41421"
110   8     " 1"
118   0     " 1"
118   8     " 1.41421"
102   2     " 1.41421"
102   10     " 1"
102   18     " 1.41421"
110   2     " 1"
110   18     " 1"
118   2     " 1.41421"
118   10     " 1"
118   18     " 1.41421"
102   12     " 1.41421"
102   20     " 1"
102   28     " 1.41421"
110   12     " 1"
110   28     " 1"
118   12     " 1.41421"
118   20     " 1"
118   28     " 1.41421"
102   22     " 1.41421"
102   30     " 1"
102   38     " 1.41421"
110   22     " 1"
110   38     " 1"
118   22     " 1.41421"
118   30     " 1"
118   38     " 1.41421"
102   32     " 1.41421"
102   40     " 1"
102   48     " 1.41421"
110   32     " 1"
110   48     " 1"
118   32     " 1.41421"
118   40     " 1"
118   48     " 1.41421"
102   42     " 1.41421"
102   50     " 1"
102   58     " 1.41421"
110   42     " 1"
110   58     " 1"
118   42     " 1.41421"
118   50     " 1"
118   58     " 1.41421"
102   52     " 1.41421"
102   60     " 1"
102   68     " 1.41421"
110   52     " 1"
110   68     " 1"
118   52     " 1.41421"
118   60     " 1"
118   68     " 1.41421"
102   62     " 1.41421"
102   70     " 1"
110   62     " 1"
118   62     " 1.41421"
118   70     " 1"
102   90     " 1"
102   98     " 1.41421"
110   98     " 1"
118   90     " 1"
118   98     " 1.41421"
102   92     " 1.41421"
102   100     " 1"
102   108     " 1.41421"
110   92     " 1"
110   108     " 1"
118   92     " 1.41421"
118   100     " 1"
118   108     " 1.41421"
102   102     " 1.41421"
102   110     " 1"
102   118     " 1.41421"
110   102     " 1"
110   118     " 1"
118   102     " 1.41421"
118   110     " 1"
118   118     " 1.41421"
102   112     " 1.41421"
102   120     " 1"
102   128     " 1.41421"
110   112     " 1"
110   128     " 1"
118   112     " 1.41421"
118   120     " 1"
118   128     " 1.41421"
102   122     " 1.41421"
102   130     " 1"
102   138     " 1.41421"
110   122     " 1"
110   138     " 1"
118   122     " 1.41421"
118   130     " 1"
118   138     " 1.41421"
102   132     " 1.41421"
102   140     " 1"
102   148     " 1.41421"
110   132     " 1"
110   148     " 1"
118   132     " 1.41421"
118   140     " 1"
118   148     " 1.41421"
102   142     " 1.41421"
110   142     " 1"
118   142     " 1.41421"
112   0     " 1"
112   8     " 1.41421"
120   8     " 1"
128   0     " 1"
128   8     " 1.41421"
112   2     " 1.41421"
112   10     " 1"
112   18     " 1.41421"
120   2     " 1"
120   18     " 1"
128   2     " 1.41421"
128   10     " 1"
128   18     " 1.41421"
112   12     " 1.41421"
112   20     " 1"
112   28     " 1.41421"
120   12     " 1"
120   28     " 1"
128   12     " 1.41421"
128   20     " 1"
128   28     " 1.41421"
112   22     " 1.41421"
112   30     " 1"
112   38     " 1.41421"
120   22     " 1"
120   38     " 1"
128   22     " 1.41421"
128   30     " 1"
128   38     " 1.41421"
112   32     " 1.41421"
112   40     " 1"
112   48     " 1.41421"
120   32     " 1"
120   48     " 1"
128   32     " 1.41421"
128   40     " 1"
128   48     " 1.41421"
112   42     " 1.41421"
112   50     " 1"
112   58     " 1.41421"
120   42     " 1"
120   58     " 1"
128   42     " 1.41421"
128   50     " 1"
128   58     " 1.41421"
112   52     " 1.41421"
112   60     " 1"
112   68     " 1.41421"
120   52     " 1"
120   68     " 1"
128   52     " 1.41421"
128   60     " 1"
128   68     " 1.41421"
112   62     " 1.41421"
112   70     " 1"
120   62     " 1"
128   62     " 1.41421"
128   70     " 1"
112   90     " 1"
112   98     " 1.41421"
120   98     " 1"
128   90     " 1"
128   98     " 1.41421"
112   92     " 1.41421"
112   100     " 1"
112   108     " 1.41421"
120   92     " 1"
120   108     " 1"
128   92     " 1.41421"
128   100     " 1"
128   108     " 1.41421"
112   102     " 1.41421"
112   110     " 1"
112   118     " 1.41421"
120   102     " 1"
120   118     " 1"
128   102     " 1.41421"
128   110     " 1"
128   118     " 1.41421"
112   112     " 1.41421"
112   120     " 1"
112   128     " 1.41421"
120   112     " 1"
120   128     " 1"
128   112     " 1.41421"
128   120     " 1"
128   128     " 1.41421"
112   122     " 1.41421"
112   130     " 1"
112   138     " 1.41421"
120   122     " 1"
120   138     " 1"
128   122     " 1.41421"
128   130     " 1"
128   138     " 1.41421"
112   132     " 1.41421"
112   140     " 1"
112   148     " 1.41421"
120   132     " 1"
120   148     " 1"
128   132     " 1.41421"
128   140     " 1"
128   148     " 1.41421"
112   142     " 1.41421"
120   142     " 1"
128   142     " 1.41421"
122   0     " 1"
122   8     " 1.41421"
130   8     " 1"
138   0     " 1"
138   8     " 1.41421"
122   2     " 1.41421"
122   10     " 1"
122   18     " 1.41421"
130   2     " 1"
130   18     " 1"
138   2     " 1.41421"
138   10     " 1"
138   18     " 1.41421"
122   12     " 1.41421"
122   20     " 1"
122   28     " 1.41421"
130   12     " 1"
130   28     " 1"
138   12     " 1.41421"
138   20     " 1"
138   28     " 1.41421"
122   22     " 1.41421"
122   30     " 1"
122   38     " 1.41421"
130   22     " 1"
130   38     " 1"
138   22     " 1.41421"
138   30     " 1"
138   38     " 1.41421"
122   32     " 1.41421"
122   40     " 1"
122   48     " 1.41421"
130   32     " 1"
130   48     " 1"
138   32     " 1.41421"
138   40     " 1"
138   48     " 1.41421"
122   42     " 1.41421"
122   50     " 1"
122   58     " 1.41421"
130   42     " 1"
130   58     " 1"
138   42     " 1.41421"
138   50     " 1"
138   58     " 1.41421"
122   52     " 1.41421"
122   60     " 1"
122   68     " 1.41421"
130   52     " 1"
130   68     " 1"
138   52     " 1.41421"
138   60     " 1"
138   68     " 1.41421"
122   62     " 1.41421"
122   70     " 1"
130   62     " 1"
138   62     " 1.41421"
138   70     " 1"
122   90     " 1"
122   98     " 1.41421"
130   98     " 1"
138   90     " 1"
138   98     " 1.41421"
122   92     " 1.41421"
122   100     " 1"
122   108     " 1.41421"
130   92     " 1"
130   108     " 1"
138   92     " 1.41421"
138   100     " 1"
138   108     " 1.41421"
122   102     " 1.41421"
122   110     " 1"
122   118     " 1.41421"
130   102     " 1"
130   118     " 1"
138   102     " 1.41421"
138   110     " 1"
138   118     " 1.41421"
122   112     " 1.41421"
122   120     " 1"
122   128     " 1.41421"
130   112     " 1"
130   128     " 1"
138   112     " 1.41421"
138   120     " 1"
138   128     " 1.41421"
122   122     " 1.41421"
122   130     " 1"
122   138     " 1.41421"
130   122     " 1"
130   138     " 1"
138   122     " 1.41421"
138   130     " 1"
138   138     " 1.41421"
122   132     " 1.41421"
122   140     " 1"
122   148     " 1.41421"
130   132     " 1"
130   148     " 1"
138   132     " 1.41421"
138   140     " 1"
138   148     " 1.41421"
122   142     " 1.41421"
130   142     " 1"
138   142     " 1.41421"
132   0     " 1"
132   8     " 1.41421"
140   8     " 1"
148   0     " 1"
148   8     " 1.41421"
132   2     " 1.41421"
132   10     " 1"
132   18     " 1.41421"
140   2     " 1"
140   18     " 1"
148   2     " 1.41421"
148   10     " 1"
148   18     " 1.41421"
132   12     " 1.41421"
132   20     " 1"
132   28     " 1.41421"
140   12     " 1"
140   28     " 1"
148   12     " 1.41421"
148   20     " 1"
148   28     " 1.41421"
132   22     " 1.41421"
132   30     " 1"
132   38     " 1.41421"
140   22     " 1"
140   38     " 1"
148   22     " 1.41421"
148   30     " 1"
148   38     " 1.41421"
132   32     " 1.41421"
132   40     " 1"
132   48     " 1.41421"
140   32     " 1"
140   48     " 1"
148   32     " 1.41421"
148   40     " 1"
148   48     " 1.41421"
132   42     " 1.41421"
132   50     " 1"
132   58     " 1.41421"
140   42     " 1"
140   58     " 1"
148   42     " 1.41421"
148   50     " 1"
148   58     " 1.41421"
132   52     " 1.41421"
132   60     " 1"
132   68     " 1.41421"
140   52     " 1"
140   68     " 1"
148   52     " 1.41421"
148   60     " 1"
148   68     " 1.41421"
132   62     " 1.41421"
132   70     " 1"
140   62     " 1"
148   62     " 1.41421"
148   70     " 1"
148   78     " 1.41421"
132   90     " 1"
132   98     " 1.41421"
140   98     " 1"
148   82     " 1.41421"
148   90     " 1"
148   98     " 1.41421"
132   92     " 1.41421"
132   100     " 1"
132   108     " 1.41421"
140   92     " 1"
140   108     " 1"
148   92     " 1.41421"
148   100     " 1"
148   108     " 1.41421"
132   102     " 1.41421"
132   110     " 1"
132   118     " 1.41421"
140   102     " 1"
140   118     " 1"
148   102     " 1.41421"
148   110     " 1"
148   118     " 1.41421"
132   112     " 1.41421"
132   120     " 1"
132   128     " 1.41421"
140   112     " 1"
140   128     " 1"
148   112     " 1.41421"
148   120     " 1"
148   128     " 1.41421"
132   122     " 1.41421"
132   130     " 1"
132   138     " 1.41421"
140   122     " 1"
140   138     " 1"
148   122     " 1.41421"
148   130     " 1"
148   138     " 1.41421"
132   132     " 1.41421"
132   140     " 1"
132   148     " 1.41421"
140   132     " 1"
140   148     " 1"
148   132     " 1.41421"
148   140     " 1"
148   148     " 1.41421"
132   142     " 1.41421"
140   142     " 1"
148   142     " 1.41421"
142   0     " 1"
142   8     " 1.41421"
150   8     " 1"
142   2     " 1.41421"
142   10     " 1"
142   18     " 1.41421"
150   2     " 1"
150   18     " 1"
142   12     " 1.41421"
142   20     " 1"
142   28     " 1.41421"
150   12     " 1"
150   28     " 1"
142   22     " 1.41421"
142   30     " 1"
142   38     " 1.41421"
150   22     " 1"
150   38     " 1"
142   32     " 1.41421"
142   40     " 1"
142   48     " 1.41421"
150   32     " 1"
150   48     " 1"
142   42     " 1.41421"
142   50     " 1"
142   58     " 1.41421"
150   42     " 1"
150   58     " 1"
142   52     " 1.41421"
142   60     " 1"
142   68     " 1.41421"
150   52     " 1"
150   68     " 1"
142   62     " 1.41421"
142   70     " 1"
150   62     " 1"
150   78     " 1"
142   72     " 1.41421"
142   88     " 1.41421"
150   72     " 1"
150   88     " 1"
142   90     " 1"
142   98     " 1.41421"
150   82     " 1"
150   98     " 1"
142   92     " 1.41421"
142   100     " 1"
142   108     " 1.41421"
150   92     " 1"
150   108     " 1"
142   102     " 1.41421"
142   110     " 1"
142   118     " 1.41421"
150   102     " 1"
150   118     " 1"
142   112     " 1.41421"
142   120     " 1"
142   128     " 1.41421"
150   112     " 1"
150   128     " 1"
142   122     " 1.41421"
142   130     " 1"
142   138     " 1.41421"
150   122     " 1"
150   138     " 1"
142   132     " 1.41421"
142   140     " 1"
142   148     " 1.41421"
150   132     " 1"
150   148     " 1"
142   142     " 1.41421"
150   142     " 1"
