20    0    "data 0 ( 0 ) "
6.19246    19.0172    "data 2 ( 1 ) "
-16.1653    11.7763    "data 3 ( 2 ) "
-16.2028    -11.7248    "data 4 ( 3 ) "
6.13185    -19.0368    "data 5 ( 4 ) "


20    0    6.19246    19.0172
20    0    -16.1653    11.7763
20    0    6.13185    -19.0368
6.19246    19.0172    -16.1653    11.7763
6.19246    19.0172    6.13185    -19.0368
-16.1653    11.7763    20    0
-16.1653    11.7763    6.19246    19.0172
-16.1653    11.7763    6.13185    -19.0368
-16.2028    -11.7248    -16.1653    11.7763
-16.2028    -11.7248    6.13185    -19.0368
6.13185    -19.0368    20    0
6.13185    -19.0368    6.19246    19.0172
6.13185    -19.0368    -16.1653    11.7763
6.13185    -19.0368    6.13185    -19.0368


8.95397   15.2138     " 4"
-8.93228   9.42105     " 1.5"
8.90548   -15.2295     " 2.5"
-11.6938   13.2245     " 2.5"
6.14397   -11.426     " 3.5"
12.7669   2.35526     " 1.5"
1.7209   17.569     " 2.5"
1.67241   -12.8742     " 4"
-16.1728   7.0761     " 3.5"
1.66492   -17.5744     " 4.5"
17.2264   -3.80736     " 2.5"
6.18033   11.4064     " 3.5"
-11.7059   5.61369     " 4"
6.13185   -19.0368     " 1"
